Sun_May_18_15:57:00_2025 存款 3000.000000 123456 3500.000000 -1.000000
Sun_May_18_17:01:37_2025 存款 1000.000000 123456 4500.000000 -1.000000
Sun_May_18_17:06:40_2025 取款 3000.000000 456789 0.000000 1050.000000
